196.926390 78.400072
23.588935 23.806432
45.119694 141.296268
133.481662 122.040284
178.434270 21.308054
9.413704 190.303613
24.707335 134.544749
182.976793 154.978739
159.071724 79.960863
195.624911 122.904607
98.338758 155.706984
62.162530 37.510674
136.137086 29.939376
126.718177 180.744409
79.931134 73.765502
115.785758 177.917101
2.331907 113.179994
166.875878 50.637341
126.515488 58.356776
103.708791 58.125716
152.597097 126.430929
190.272287 24.047415
68.174672 128.787565
169.305681 172.094088
47.429985 117.617263
131.170816 87.880839
9.302899 50.984394
121.422649 38.120022
106.675068 103.384140
25.773305 79.666218
76.830765 151.505900
27.789608 171.365750
62.017380 78.183150
168.729475 119.183159
106.171301 33.409100
7.642853 23.752591
197.753604 153.492203
150.038209 190.624722
43.470858 50.748979
74.399040 186.425924
